0   30  30  30  35  40  60  70  80  90  100 110 120 40  60  70  80  90  100 110 120 130 160 180 190 200 210 220 230 240 160 180 190 200 210 220
30  0   30  30  30  35  60  70  80  90  100 110 120 35  55  65  75  85  95  105 115 125 155 175 185 195 205 215 225 235 155 175 185 195 205 215
30  30  0   30  30  35  60  70  80  90  100 110 120 35  55  65  75  85  95  105 115 125 155 175 185 195 205 215 225 235 155 175 185 195 205 215
30  30  30  0   20  20  40  50  60  70  80  90  100 20  40  50  60  70  80  90  100 110 140 160 170 180 190 200 210 220 140 160 170 180 190 200
35  30  30  20  0   20  40  50  60  70  80  90  100 20  40  50  60  70  80  90  100 110 140 160 170 180 190 200 210 220 140 160 170 180 190 200
40  35  35  20  20  0   20  30  40  50  60  70  80  0   20  30  40  50  60  70  80  90  120 140 150 160 170 180 190 200 120 140 150 160 170 180
60  60  60  40  40  20  0   20  30  40  50  60  70  20  0   20  30  40  50  60  70  80  140 120 140 150 160 170 180 190 140 120 140 150 160 170
70  70  70  50  50  30  20  0   20  30  40  50  60  30  20  0   20  30  40  50  60  70  150 140 120 140 150 160 170 180 150 140 120 140 150 160
80  80  80  60  60  40  30  20  0   20  30  40  50  40  30  20  0   20  30  40  50  60  160 150 140 120 140 150 160 170 160 150 140 120 140 150
90  90  90  70  70  50  40  30  20  0   20  30  40  50  40  30  20  0   20  30  40  50  170 160 150 140 120 140 150 160 170 160 150 140 120 140
100 100 100 80  80  60  50  40  30  20  0   20  30  60  50  40  30  20  0   20  30  40  180 170 160 150 140 120 140 150 180 170 160 150 140 120
110 110 110 90  90  70  60  50  40  30  20  0   20  70  60  50  40  30  20  0   20  30  190 180 170 160 150 140 120 140 190 180 170 160 150 140
120 120 120 100 100 80  70  60  50  40  30  20  0   80  70  60  50  40  30  20  0   20  200 190 180 170 160 150 140 120 200 190 180 170 160 150
40  35  35  20  20  0   20  30  40  50  60  70  80  0   20  30  40  50  60  70  80  90  60  80  90  100 110 120 130 140 60  80  90  100 110 120
60  55  55  40  40  20  0   20  30  40  50  60  70  20  0   20  30  40  50  60  70  80  80  60  80  90  100 110 120 130 80  60  80  90  100 110
70  65  65  50  50  30  20  0   20  30  40  50  60  30  20  0   20  30  40  50  60  70  90  80  60  80  90  100 110 120 90  80  60  80  90  100
80  75  75  60  60  40  30  20  0   20  30  40  50  40  30  20  0   20  30  40  50  60  100 90  80  60  80  90  100 110 100 90  80  60  80  90
90  85  85  70  70  50  40  30  20  0   20  30  40  50  40  30  20  0   20  30  40  50  110 100 90  80  60  80  90  100 110 100 90  80  60  80
100 95  95  80  80  60  50  40  30  20  0   20  30  60  50  40  30  20  0   20  30  40  120 110 100 90  80  60  80  90  120 110 100 90  80  60
110 105 105 90  90  70  60  50  40  30  20  0   20  70  60  50  40  30  20  0   20  30  130 120 110 100 90  80  60  80  130 120 110 100 90  80
120 115 115 100 100 80  70  60  50  40  30  20  0   80  70  60  50  40  30  20  0   20  140 130 120 110 100 90  80  60  140 130 120 110 100 90
130 125 125 110 110 90  80  70  60  50  40  30  20  90  80  70  60  50  40  30  20  0   150 140 130 120 110 100 90  80  150 140 130 120 110 100
160 155 155 140 140 120 140 150 160 170 180 190 200 60  80  90  100 110 120 130 140 150 0   20  30  40  50  60  70  80  0   20  30  40  50  60
180 175 175 160 160 140 120 140 150 160 170 180 190 80  60  80  90  100 110 120 130 140 20  0   20  30  40  50  60  70  20  0   20  30  40  50
190 185 185 170 170 150 140 120 140 150 160 170 180 90  80  60  80  90  100 110 120 130 30  20  0   20  30  40  50  60  30  20  0   20  30  40
200 195 195 180 180 160 150 140 120 140 150 160 170 100 90  80  60  80  90  100 110 120 40  30  20  0   20  30  40  50  40  30  20  0   20  30
210 205 205 190 190 170 160 150 140 120 140 150 160 110 100 90  80  60  80  90  100 110 50  40  30  20  0   20  30  40  50  40  30  20  0   20
220 215 215 200 200 180 170 160 150 140 120 140 150 120 110 100 90  80  60  80  90  100 60  50  40  30  20  0   20  30  60  50  40  30  20  0
230 225 225 210 210 190 180 170 160 150 140 120 140 130 120 110 100 90  80  60  80  90  70  60  50  40  30  20  0   20  70  60  50  40  30  20
240 235 235 220 220 200 190 180 170 160 150 140 120 140 130 120 110 100 90  80  60  80  80  70  60  50  40  30  20  0   80  70  60  50  40  30 
160 155 155 140 140 120 140 150 160 170 180 190 200 60  80  90  100 110 100 130 140 150 0   20  30  40  50  60  70  80  0   20  30  40  50  60
180 175 175 160 160 140 120 140 150 160 170 180 190 80  60  80  90  100 110 120 130 140 20  0   20  30  40  50  60  70  20  0   20  30  40  50
190 185 185 170 170 150 140 120 140 150 160 170 180 90  80  60  80  90  100 110 120 130 30  20  0   20  30  40  50  60  30  20  0   20  30  40
200 195 195 180 180 160 150 140 120 140 150 160 170 100 90  80  60  80  90  100 110 120 40  30  20  0   20  30  40  50  40  30  20  0   20  30
210 205 205 190 190 170 160 150 140 120 140 150 160 110 100 90  80  60  80  90  100 110 50  40  30  20  0   20  30  40  50  40  30  20  0   20
220 215 215 200 200 180 170 160 150 140 120 140 150 120 110 100 90  80  60  80  90  100 60  50  40  30  20  0   20  30  60  50  40  30  20  0